0.3376 0.6259 0.509                 
0.3906 0.6208 0.4938
0.3719 0.6115 0.4994
0.3933 0.6328 0.5068
0.3885 0.6093 0.5046
0.3552 0.6388 0.5041
0.3619 0.6051 0.4945
0.3782 0.6028 0.4872
0.3865 0.6438 0.5074
0.3879 0.6412 0.499
0.3763 0.6028 0.4984
0.3788 0.6184 0.5011
0.376 0.6283 0.5009
0.3759 0.6184 0.4955
0.3848 0.6106 0.5037
0.4154 0.6495 0.5087
0.3883 0.6356 0.4987
0.3667 0.6047 0.5006
0.3744 0.5966 0.4944
0.3643 0.6593 0.5021
0.3978 0.6031 0.497
0.3694 0.6089 0.4998
0.4043 0.6427 0.4987
0.3779 0.6427 0.4982
0.3783 0.6178 0.5006
0.3629 0.6244 0.506
0.3547 0.6329 0.502
0.389 0.6155 0.4956
0.3898 0.603 0.5012
0.4083 0.6406 0.5034
0.3713 0.666 0.5078





0.4005 0.6045 0.5047
0.3829 0.6371 0.5072
0.4076 0.6033 0.4955
0.356 0.6322 0.4957
0.3817 0.6472 0.506
0.364 0.6199 0.5072
0.3998 0.6364 0.505
0.3947 0.5992 0.5089
0.3926 0.5746 0.5007
0.3741 0.6299 0.5081
0.3507 0.6196 0.5041
0.424 0.6218 0.4959
0.3898 0.6603 0.496
0.3838 0.6687 0.5036
0.3346 0.6545 0.4983
0.3794 0.6218 0.4938
0.4065 0.6556 0.5011
0.391 0.6472 0.502
0.3928 0.645 0.5012
0.3665 0.6215 0.4975
0.3783 0.6733 0.5034
0.3848 0.6383 0.5005
0.3763 0.6772 0.5089
0.3601 0.6313 0.5055
0.3899 0.6246 0.5012
0.3607 0.6107 0.4949
0.371 0.6151 0.4986
0.3911 0.6226 0.499
0.3733 0.6307 0.502
0.3777 0.6421 0.5106
0.3328 0.6216 0.4951











0.3779 0.6216 0.4964
0.3204 0.6379 0.5037
0.4043 0.6218 0.5047
0.3848 0.6539 0.4973
0.3901 0.62 0.5036
0.3864 0.6451 0.5
0.3679 0.6426 0.4966
0.3733 0.6497 0.5017
0.4065 0.6199 0.4967
0.3958 0.6282 0.5084
0.3521 0.6198 0.5017
0.3099 0.6289 0.4868
0.3596 0.6385 0.4998
0.364 0.6392 0.4912
0.3887 0.6555 0.5029
0.377 0.6106 0.4855
0.3665 0.6238 0.4996
0.3824 0.6021 0.5003
0.3943 0.6786 0.4943
0.3665 0.6158 0.4961
0.3408 0.6201 0.4947
0.3788 0.6415 0.4983
0.3911 0.6511 0.4996
0.3875 0.5938 0.4965
0.3909 0.6162 0.4984
0.3899 0.6226 0.5036
0.3929 0.6521 0.5078
0.3864 0.6035 0.498
0.3964 0.6272 0.5026
0.4227 0.6455 0.5051
0.3647 0.6267 0.5065
0.3643 0.623 0.492